%functions for the fast t-type current Cav3,3

mInf = 1/(1+exp((V- -45.454426)/-5.073015)); 
mTau = 3.394938 +( 54.187616 / (1 + exp((V - -40.040397)/4.110392))); 

hInf = 1 /(1+exp((V-(-74.031965))/8.416382));
hTau = 109.701136 + (0.003816 * exp(-V/4.781719));